P_pqw=[1 2 3;4 5 6;7 8 9];
P_xyz=PQW2ECI(30,15,30)*P_pqw;